-1.102410233407670415e+00 -1.671098816735428372e+00
-4.921905746595615638e-01 7.634209165833927280e+00
4.548646774539885640e-01 2.056695148722520461e+00
-2.627558227201748586e+00 1.789480497435101514e+00
-4.609862460320963695e-01 2.308747234846881824e+00
-1.976068891901685998e+00 4.934601614145044834e+00
-8.267932991785029717e-01 8.247662439583761440e+00
-3.388805756470019137e-01 5.178841809556837816e+00
-5.963419298167519367e-01 7.892254921794338074e+00
-2.928774598407756891e+00 2.876361667158435775e+00
-5.609634597379356546e-03 5.749247747012556253e+00
-6.249553444956473802e-01 7.490852496206783506e+00
-1.253916928813197940e-01 2.864877135110750928e+00
-1.260502781355381963e+00 5.798025660490505828e+00
-5.817235819006879582e-01 2.201157798026989632e+00
2.511815790611371391e-01 3.288702685176408291e+00
-2.212899775960605886e-01 6.567470513658884457e+00
5.850403593960361581e-01 2.311827680550351705e+00
-6.558581898554896039e-01 8.524277741046738299e+00
-3.238285351059999595e-01 6.527121383468811544e+00
-2.236524240465632474e+00 -2.756744607482560561e+00
-8.171891592118997183e-01 4.685701003297159772e+00
-1.566820317888018455e+00 3.205726887848200146e+00
-5.792009757689049465e-01 2.019320253057454106e+00
-3.277489668019504698e+00 3.058604140952625894e+00
-1.969542116779390728e+00 3.565729908675201454e+00
1.996351982475041975e-01 4.311236089568208918e+00
9.772819695823775632e-03 3.090908864887927265e+00
-1.367326140507507226e+00 2.282567881734787640e+00
-1.141260646152436609e-01 -2.421083863889377241e-01
-5.984145160127396501e-01 -4.912513181923916505e-01
-8.660865464761781096e-01 -3.616461162346905622e-01
-9.523499414283528308e-01 -9.994774012527657403e-01
-1.018764874526140174e+00 -1.455582348189605746e+00
-6.169634473243544859e-01 7.274205059536763329e+00
-4.257077873795505063e-01 4.468689807334154551e+00
-1.977278181795838474e+00 2.835246143933040308e+00
-1.042406834876113297e+00 3.385247336255013728e+00
-5.422441780217055474e-01 1.990153928490429269e+00
-4.138115903336840873e+00 4.123460167384319419e+00
-2.227918766783857585e+00 2.313079238098793233e+00
-1.044345961955547075e+00 1.957678610250011442e+00
-3.320543424622857120e-01 4.197613043078099793e+00
3.473333993942767650e-02 4.418388661685549224e+00
-5.914604649101923295e-01 6.856197923762197277e+00
3.263347600228988510e-01 2.868733539036802949e+00
-3.940202711923866674e-02 5.614084773406393225e+00
-3.942891997676383764e-01 6.109085767768350550e+00
4.600836089224589753e-01 4.351861506694959303e+00
-2.769859001470063170e-02 5.238666496463906697e+00
1.852203846985502056e-01 4.119802420834870027e+00
2.898688042619733674e-01 3.499798730333651520e+00
4.638839572922873189e-02 6.006809143473295975e+00
-7.941196363316804785e-02 5.244627216156608540e+00
-2.147515116288222781e-01 6.466898968790064650e+00
-7.026146701503742376e-02 5.975722037090346106e+00
3.502237755333316438e-02 4.815843300943423166e+00
3.228943522833650492e-01 3.363084449064589698e+00
4.882072043417218232e-01 3.533388045919075626e+00
-1.364351083951052812e-01 5.861777233076553628e+00
-1.813910243503982667e+00 -2.665222523742174943e+00
-6.507643944796872582e-01 -3.199105428737694101e-01
-7.731251531723939419e-01 -9.987454034904519329e-02
-1.040115955473509102e+00 -1.077996351960925692e+00
5.424644262457604116e-01 3.192952673617191373e+00
1.943971440815552842e-01 3.630393593916901196e+00
4.522053259027549732e-01 3.285804563451699689e+00
-2.159016735512791774e-01 5.736635924334948733e+00
-2.983979481374254838e-01 6.108342420319875288e+00
-1.573455693306802794e-01 5.254173340913073531e+00
-4.377329710064700730e-02 5.355058961692328090e+00
-1.079452673602140783e-01 5.076251972034961923e+00
3.625766564935302416e-03 4.711805806030199939e+00
-4.497784596640785337e-01 7.011383276738774484e+00
-1.263642924687394142e+00 -1.643514058042036652e+00
-9.050797007574318265e-01 -7.819632584356137617e-01
-1.413791295362444966e+00 -1.361361906929820620e+00
-4.695323319981801191e-01 4.114622130372461051e+00
-1.017953177231756934e+00 1.244624551494631692e+00
-2.655637980906413453e+00 3.059651123406591289e+00
-2.729387920741385143e-01 2.519547476927098018e+00
-5.672867367494622837e-01 2.167790293367285681e+00
-1.091626077494663560e+00 3.340236358342611123e+00
5.360350337006529742e-01 4.013411640298293115e+00
-1.786934284798479933e+00 -1.161519699819164586e+00
-6.350938938418251301e-01 -7.288726692147440289e-01
-1.619739019203115582e+00 -1.871106487926800011e+00
-1.227836711365818845e+00 -1.586779240509420541e+00
4.254125067608734434e-01 2.226633439498848510e+00
-4.915114537863747302e-01 8.656348871724079075e+00
-3.396680568904880682e-01 6.337178920327943388e+00
-3.952397145904339160e-02 4.851986592112606189e+00
2.527464791772124908e-01 2.607786900194488222e+00
-1.454461784686933434e-01 5.931192690367834253e+00
-1.279259284960040599e+00 1.284729221381091024e+00
-5.192533805793766444e-01 2.994317706055986683e+00
-1.219830567850056058e+00 3.720170905998267941e+00
-4.558241295817011540e-01 2.629275042963000075e+00
-1.966520961027801828e+00 3.904180240756741416e+00
-1.595030739479271209e-01 6.219380759301577299e+00
5.538108434605374386e-01 2.705755881319980016e+00
7.880773864602330647e-02 4.602108201879426375e+00
-1.771466734598563519e-01 6.153798701201683485e+00
-1.657787219721714944e+00 -1.802804984103838937e+00
-2.069216575514085221e+00 -2.249974537646810102e+00
-7.648946869793871173e-01 4.046812183448331268e+00
-9.017584689201810777e-01 3.117991122518472213e+00
-1.977663737587409543e-01 3.576288284952123142e+00
-4.532004653567323071e-01 3.124693176520591198e+00
-1.920584474538899578e+00 2.977268283284387529e+00
-4.264132229048638034e-03 4.762415053859886171e+00
-3.728471011620942965e-01 6.893277355888534075e+00
-7.803459247659214615e-01 9.374088821838107322e+00
-1.293645964944521110e+00 -5.762186258843566833e-01
8.003634345812173922e-01 1.366756707288478534e+00
6.642488062512554858e-01 9.176626263133123018e-01
-8.983962580469427861e-01 -7.240685829790864947e-01
-3.135044435550847997e+00 1.770107897378230488e+00
-1.641204252080987303e+00 2.755471431215516631e+00
1.394039891263942899e-01 6.903447754163267724e-01
-8.444332563494194588e-04 -2.155300498933554465e-02
-1.099887732923242600e+00 -1.329833611068778287e+00
-1.734990393476921522e+00 -1.602380823988504455e+00
-3.566129405247671080e-01 6.661182284869328285e+00
-1.737539337951191087e-01 5.525912820723992702e+00
-6.999908054625753051e-01 8.621849373052222987e+00
-1.273868815461737247e-03 6.225457872569830187e+00
-2.327502359195862125e-01 2.809949408633729995e+00
-6.883611729075870267e-01 4.430198594506007836e+00
-1.509929239295383807e+00 2.830344372641532047e+00
6.011197513167334527e-01 1.884091925191714090e+00
-7.881811457095400097e-02 5.151122430347798264e+00
8.588527437613478754e-02 4.408668076287173498e+00
1.351065547088965424e-01 3.902832956414016952e+00
4.257594899728481264e-02 5.292369450036960465e+00
-4.326025216434066789e-01 7.256892397573405873e+00
9.605237857101459054e-02 5.569700222579120563e+00
-1.157682738155645236e-01 6.106312658635014934e+00
1.465954567756548310e-01 4.273682815664889389e+00
-6.925602288278513985e-01 -1.806782731290208499e-01
-7.492344971212989702e-01 -4.822078072050443032e-01
1.540225846936966736e-01 4.011807651043092449e+00
-1.942862844518086884e+00 2.604508927731995271e+00
-2.204904294249199204e-01 4.909919074012247364e+00
-1.905631035607574297e+00 2.790695010941043108e+00
-1.863541943175620164e+00 2.888137152168196664e+00
-1.096633900937125539e+00 -1.222824114641647419e+00
-1.183044845128359057e+00 -1.191832578616457194e+00
-1.314349986508051238e+00 -1.372081653368447451e+00
-4.516197357414074298e-02 4.828374500371600320e+00
-1.673827459959706943e-01 5.560889431367154856e+00
-1.192336172236264424e+00 -1.020720815723029196e+00
-3.505004965848420584e-01 1.697225775612118959e-01
-1.665337201363136899e+00 -1.746970940799202232e+00
-1.810750764333992180e+00 -2.763424438226146140e+00
-5.835096503486123520e-01 -5.080614987001521587e-01
-1.143706711656121922e+00 -1.295964337346552142e+00
-2.437606471453558576e+00 -2.453414577723990408e+00
-1.197411074251665486e+00 -1.661984709527777770e+00
-7.382184858031621832e-01 -4.402261280766518459e-01
-1.203406489904103926e+00 -1.271682419785633122e+00
-1.279968691513201362e-01 1.567348001290116422e-01
-5.844251857295534869e-02 -5.321837824487676283e-01
-1.193515941662702140e+00 3.204418599631954301e+00
-1.025867576092334588e+00 3.532395024505007974e+00
-8.287893264103205482e-01 4.987745393703570507e+00
-1.482335497037851280e+00 2.433188963668629690e+00
-1.270690292644997665e+00 3.667265229499844015e+00
-3.026065672828870401e-01 3.848753218850165858e+00
-2.031785979254757457e+00 4.489286285931347820e+00
-1.941028163215883229e+00 -1.444585395252700577e+00
-2.352249187208532710e-02 5.743094155477208584e-01
-2.476016118736360738e+00 -3.052648336566954779e+00
-4.701449081262933927e-01 -6.735983165101225856e-01
-3.332523459144718370e-01 6.011879574821147543e+00
9.716942603049757987e-02 4.477991515814514933e+00
-6.245748931983885477e-01 -1.765395741685263920e-01
-1.558159996200215280e+00 -1.907224425157831860e+00
-9.918827757174857318e-01 -1.089963741518135354e+00
-1.997347585111739765e-01 6.195584471722958675e+00
3.144222573023732759e-01 3.990046425642958194e+00
2.862661454370087344e-01 2.846030341838440503e+00
6.910722445153030247e-01 1.978746008541305557e-01
1.185101928304436170e-01 4.368338277518561519e+00
-2.232730436731900081e-01 5.422077274544681025e+00
-2.141437917611821173e-01 5.340890183588422602e+00
1.232397830031424890e+00 -1.747997826353323347e+00
-3.441696357573282405e+00 1.402863072459496152e+00
-8.200949173648264257e-01 2.170999106107966092e+00
-5.804274903677359987e-01 2.712982802205308630e+00
5.580639573918535490e-01 3.448421060031822805e+00
-3.355367944772399795e-03 4.964963017950987378e+00
-1.399214877149402569e-01 6.923843576532583199e+00
-3.030899157956927215e-01 6.157068181870398504e+00
-1.445757587892249341e-01 6.746681969471993057e+00
3.630717428822355375e-02 4.466922982065201886e+00
-5.604498928583300232e-01 7.516280835748762712e+00
-1.469250443746574486e-01 7.047281808901288969e+00
-3.000840249184133501e-02 5.234960098201782763e+00
-2.688557514234213741e+00 2.636687267176641480e+00
1.160402808890495407e+00 1.593229776804274023e+00
-1.439868803130002650e+00 -1.199766325859072946e+00
-1.146828303301919094e+00 -1.001414774016930354e+00
-1.339432774026127149e+00 -1.844979251127494280e+00
-1.180954599082268519e+00 -6.049241414043309284e-01
-1.248482254856604801e+00 -1.447335679350029158e+00
-1.384679620263716160e+00 -4.288737967505941162e-01
-2.472653769464053797e-01 -5.990110117262559264e-02
-7.757121743971443495e-01 -5.326730395618481939e-01
-1.085378006770231663e+00 1.309630321556410903e+00
-1.454965906208574244e+00 3.365331328312102244e+00
-1.404717636309748219e+00 3.522575018347779530e+00
-1.018476495498387369e+00 -1.823301086413684491e+00
1.072311269050593291e-01 3.952604726633959675e+00
-1.714731651406735891e+00 -1.817318425472548515e+00
-7.986925186600011273e-01 4.424888502292789738e+00
-4.437989216718729590e-01 3.739209128409434868e+00
-2.923743145539173138e+00 2.328452124724357919e+00
-3.039569638616776537e+00 4.635311432157375400e+00
3.266740314332302053e-01 2.906824157498039796e+00
1.829228546294217606e-02 3.613329337341805392e+00
3.331434789150126696e-01 3.461862582902920149e+00
3.092495054817870348e-02 4.117672276419778399e+00
2.295314469255870793e-01 4.160905774112972466e+00
-5.438294956346583220e-01 3.839140855798328644e+00
-5.431332234737648035e-01 2.070285794878473862e+00
1.357122019298508953e-01 5.193458441215753396e+00
-2.214304736669173934e+00 3.438231585013079350e+00
-1.615598487555211182e+00 1.915603214728388792e+00
3.761163916040184407e-01 1.919904144648137301e+00
-6.460187226930391713e-01 2.577701553744534912e+00
-8.589940520463401619e-02 2.970492591936368054e+00
-3.184934700371425675e-01 2.228067667064630442e+00
-3.394736123011999229e+00 4.121913534660007095e+00
-4.733630021887844652e-01 2.392712097578498120e+00
-1.183587184513183344e+00 5.790448847991321202e+00
-8.315613621990948223e-01 -6.314022738175708582e-01
9.715500216785348531e-03 4.668384644433820618e+00
-4.886429509570295870e-01 8.695087143300661126e+00
-1.411333341577764300e-01 5.521391569492767992e+00
7.698312696196352167e-02 4.755576082462570575e+00
-9.711219130272941147e-02 5.003578168583734609e+00
-1.175314692678669642e-01 5.868280656575038279e+00
-5.240658968199335410e-02 6.017652127774966608e+00
-1.016228829281041052e-01 4.976527057426753942e+00
-2.798975219976587603e+00 2.963743799114949340e+00
-4.543460607297994391e-01 3.429055735043553987e+00
-8.481445035369776508e-02 5.178041457063483399e+00
-6.478638612589876500e-02 6.374326366065483640e+00
3.581244749644426628e-01 3.385573226497992749e+00
2.921511605402805078e-01 3.513718777852436581e+00
-3.730959811363327439e-01 7.188332578561189123e+00
-6.760604821193580416e-02 5.975878147138391938e+00
-7.393411966195462259e-02 5.829021386365328183e+00
9.401368235215645797e-02 3.966411700930211559e+00
-3.557379663674876680e-01 3.941608114946721919e-01
-9.045750944120685144e-01 2.868814744098792779e+00
-5.950956799502415961e-01 7.058684751095066545e+00
-9.961404929924105867e-02 5.756290709318196974e+00
-2.314694271202968778e+00 -2.891487323816914312e+00
-9.969701670130292070e-01 -1.347826791793756751e+00
-1.590342944931244729e+00 -1.161375141824409596e+00
-1.624859046561306641e+00 -2.301134095204957930e+00
-2.756748209208168543e-01 -3.148113374961447608e-02
-1.018010311875784168e+00 -1.553476354762464151e+00
-4.089843654979656573e-02 4.677945849426572877e+00
-5.384310889457575439e-02 4.942307112260827751e+00
-5.097237179366688187e-01 2.143924634317742051e+00
-9.032941477214960768e-01 2.927611417933227766e+00
1.179340702563219878e+00 2.166784846764592931e+00
-2.406588982135088095e+00 2.121137224070065663e+00
-9.555037705570537110e-01 1.951260400526603878e+00
-1.514320236955535304e+00 2.173343706156702915e+00
-3.095586343808142127e-01 7.318589795164548661e+00
-2.606345584818131611e-01 6.584397724987987921e+00
2.451935432643477242e-01 2.429998645396384660e+00
1.835278267170248889e-01 3.137832560824252326e+00
-3.989452944680226265e-01 5.933909126204980566e+00
2.123951804723995390e-02 4.508498654538692030e+00
-3.190842735416212772e-01 6.931283347956417096e+00
2.598556981136626032e-01 2.566520896195495727e+00
-2.282034563858416076e-01 -3.959884328012333032e-01
-1.645135326755985172e+00 -1.987012551716842435e+00
-3.002376984149234262e-01 -9.357710675837249692e-02
-1.848852930857994403e+00 -1.856360801135265248e+00
-1.001036295714850421e+00 -1.268581021130963826e+00
-1.409623324817705026e+00 -1.194800142479816918e+00
1.400403003918104794e-01 5.349082144875267897e-01
9.455686235634437331e-01 1.152777850737639387e+00
-4.415380241745607837e-01 6.182774070948138245e-01
-2.147914750548339802e-01 4.506519166677334098e-01
3.641823815929904895e-01 3.500183702966739752e+00
-2.778270698244281522e+00 1.827048104061970824e+00
-1.289866580091463710e+00 2.887007995024069462e+00
-6.386477463280818556e-01 2.675303310577641369e+00
-1.207444052521853495e+00 1.830693862842010411e+00
4.220595877628698922e-01 2.223028850275366786e+00
-1.088786156122955484e+00 2.285333166367842672e+00
-2.748515905939393988e+00 4.314058179449332897e+00
-2.162436649524324572e+00 -4.739928614038113608e-02
